1234567890
1111111111
9250158331
7607961228
9576002320
9263494267
9365172721
7860496808
7903615661
6203214725
8509288654
9149424740
9347905740
9954565959
8218063265
9991507116
7903902406
7045496145
81519827877
8874183001
7002707512
9012634026
8584061784
0340452608
9260972901
4123258424
6751175920
09682034155
9862019323
9399335989
8275375769
9006828017
9520187121
9860540447
1282803552
9348352986
9322299032
9413625003
6974878061
9977191169
8619152533
923525037
8120009010
7350006015
356036365
9937794246
9611256246
46335033
8876754319
7052667964
969208384
9798989499
8303194613
9049615303
9547262305
7635845873
9795193400
9874943333
7012997646
9114080655
9536396674
917744969
7440919422
8210023434
6377125463
9171876628
9098617497
8075048570
9898044763
8217832268
8294550507
8968633243
931617989
6388267070
8168822384
05992732
890298090
88875648
9896422330
902576279
7061131114
9595273095
9255255053
9153220934
9323818799
8539090355
8874034631
9373632976
9816347347
6305225036
7055465230
9399182074
9046335033
9872827619
6299082687
9973416817
375663497
9739316457
7903693410
79964369
6001057177
7461970317
9337372544
7898174793
7351379309
7350576384
9258515760
8494981433
9709771141
9123915361
9134531639
88996211
7608070544
9709646721
9199474107
7294028017
9354829205
9748039644
6266245611
6260213586
9541356053
9973973210
8017121042
6296573590
7605909535
7074021763
8797435373
9348619447
9931935591
8309561994
8816827871
9608614924
9101897619
9948264740
7643979232
6263079541
9777500175
9455878898
7828636300
9304406834
7015632156
7808029891
6352711281
9192298261
7416580966
8285178894
9932815451
8002029264
85709607323
3464926122
9507687745
47031897281
9631064036
8658889269
9040756107
8778000053
7898726617
9154275510
01227266044
7979976648
7075840900
9954921590
9905911342
937358580
0937464285
6263312286
9191425923
7020244216
9020779306
9508847809
9952076419
9555681480
9805706434
962543522
9832294059
9657720785
7002560581
9359897978
9850108321
7667853316
9110836851
9583215848

3518207877
7799909815
8160094727
7545978260
7385979303
9756805400
9395651760
9537849809
9309720658
8320683201
9693340528
9898718384
7814828229
8459697521
8595840492
7292922577
9720900480
8617379075
6264784897
8392855318
7411047432
8504923890
8521537996
9501763701
507051356
7646056428
9064871261
9422947100
7484005090
9827107974
8757645637
8249996910
6299793945
83170585098
9311589644
8178105430
9736484590
9595519206
9881593869
9718284666
8318132067
7385972583
9499348962
8269828732
8250566743
8919512244
7903840757
8809928030
7267819097
9407724949
9373784919
9455253892
8953269236
8918360324
7491929698
9238800319
9320727524
7748993921
9175759118
8000989339
6290466579
8638355767
9733046759
9334061282
9319828965
9453942170
9453942170
9969455719
8917335315
60798337788
8920071011
9593191235
7347460129
9362096396
9547384880
9422609514
9399425220
9911148965
8510819155
8850649326
9883280341
7091708756
9935409395
8421155559
9890727532
9175091153
9592802462
6261757085
9800285180
7888743201
9825825878
25825878
8895355028
8252950597
9826307542
7385151925
7020956032
9693790503
7011840627
1234567899
9120034950
8917627937
8143876700
9598721036
7008336883
9565721036
8459130132
8908470355
9373154072
8483007081
7743991954
8271537418
9382708565
7042158430
9201230189
7875754988
8264982402
9258332057
8329265761
7987971755
9737154688
9892930895
7232997940
8617492722
7577034144
9922668196
9494868403
9881510149
8169044196
7811980420
9616020556
9112138164
6201102715
7888869466
9692075755
8306991935
9348925507
9021040048
9056460146
9811091807
7002087311
60741437
9693700470
8908097886
9325114024
9627468735
8519908724
8668393110
9014529128
7672030020
8180092241
9454314080
7083552621
7507128076
9503881390
8529624924
8824271442
7744940609
7676325401
7988991412
7074636083
9973954625
8275556992
8107097553
7338963217
8275556994
9420808025
9896146084
9049266906
9729612719
9827244611
8249029071
9416348865
8295608680
7744004099
9153142123
9812051949
9213186004
9465700330
6303492172
8424059688
9612674347
8930182104
33042692
7710950072
9607057151
7895744496
9572921697
6383968055
9318464856
8099809188
7987270525
9335651613
8421412389
9153866887
9815328287
8168263413
6207198182
9973211562
8949078430
8279998199
8059488083
9708852485
9306783145
8967434338
7683108611
8709795375
9996834002
9372707809
9068672373
37829814
7082126449
7082175675
7545006504
7062520002
9056367475
9996751918
8968575039
7571080065
6205703824
7015139923
9714606125
8435459884
7082590995
9393132413
7995043242
6260673032
9029364762
7066303921
9347594688
7696341340
8010620052
9022250952
7677947840
8684053488
8260376976
8395905452
9518418240
8087224644
7629023710
7056126425
9996664076
9503571390
90186004
9398718175
8086648296
7000233949
9903332468
9406728946
7080977930
7978795075
9414639372
8802585729
2222222220
9306667495
95295061
9692156969
9536290592
8077219255
7728953370
9937821413
9570412443
6299342021
9677644438
8630073314
7013331201
9309752395
9340404087
9955476167
8252878006
7988300511
8084505336
9168056232
8076250112
8002751205
8055533370
9996262928
9595306939
9673414121
8080364645
7738356559
9130303007
8779101126
8329328019
9871541604
9963090583
9926182907
8928940022
8250220567
8087271003
6002100645
7063438488
9167263679
7496818742
7606810023
9799337252
9798350899
9732024606
7865978175
7470057070
8983487878
9835296750
9744056747
9370298950
8249871412
9172813718
9921752601
8669073144
6378281460
9867672374
9075060616
9438325325
9219104244
7697449397
6002958857
7008467249
8307350133
9337345965
8792783139
7396341340
8275757329
9808983235
9770025269
8910541465
9444518173
9479169055
8492808524
8668556993
9108062687
9945537995
8700245063
9588332939
00245063
990939962
8218657895
8668573469
9304784745
7077480696
9031649316
9689914118
9131217325
7013833634
8319716844
8434300332
7507736555
9822389622
9936136948
9873443817
8851344478
9616816967
7362945581
7760024037
9636495807
9769440042
03635077
7855994899
9226965232
9711042992
7782967560
9752954412
8271425402
9471505205
8887852191
7309138458
6261587138
7052129068
8708797316
7717650658
9350402210
7765802543
8102169886
7575037787
8700853978
9707318551
9350767438
9219104249
7905594632
8810236533
9466920288
7857086650
99607587
7077288287
6203168406
92655887
6351907172
9871713080
9692941550
8600520431
7008516389
7497808482
6361747871
8660190816
9973786532
8880809408
7447253543
9949272722
9350065419
6204196298
8794699029
9671958027
7666892136
8383002032
8308185614
6399913919
898395999
6397171779
6207489170
08955790
8409209440
8271834564
7821980538
9007514334
9822227770
6267548497
8307931605
9990186004
7494956165
9577332942
9992683244
8818061003
67487729
9588705627
9817146563
8298988227
8708756203
9819531853
8879285837
6003553255
9664166941
8329056261
9773083915
7697777737
8975183789
9167712336
8684911074
7083651276
9032234349
8950816766
8529612412
8307940579
9888692202
7800835833
9471907828
8222050095
9847246363
7002060167
8087827088
9304936831
9354678426
8923201380
9109614414
9608580106
8688801287
7381343901
6305597935
7478474173
9186849110
8829821369
35052380
8319344228
6261006238
7828183628
9110508165
9993033875
93033875
7260009595
9053387219
7004362852
7988688856
8572082042
9709931438
7381234848
7206650843
6280050767
9086283214
8670763701
7764044616
8168083730
7542901251
7254858821
8879887811
7027647359
8928084859
9343273594
9955778213
8780310220
9195836718
9146370189
9711042583
7291920025
9654532433
9921994048
9953169662
9953720278
9911919799
8585570806
8307847262
9873373433
9310124163
8287191941
8298142174
9921203947
9325264015
8780438134
9021653373
8888344802
7518747430
7799769677
9689662202
7889057482
9749962403
8102811215
9291674488
8975461061
9804653591
756858100
9075003869
9837253634
9653854405
7070678006
9868665875
8736867577
8328929721
8957652196
7004360678
9348698587
8295876425
9541798500
6260729527
9053793805
7815847993
9517386413
9588115003
7827251312
7549887717
9692550200
8287427275
8171659888
9583899008
7975439625
9677142907
7507130434
8059789444
8369352709
9301198323
9708874760
9463278807
7488010897
8528970334
8076611886
9955124153
7319837232
9319227641
9306190826
8285753147
9107600030
9102386058
9518897921
8307655860
9059124645
9053287704
8860848449
8863964987
7061057180
7011911833
8459515036
7001448168
8930549472
9815004939
9960624285
9509003561
7056703768
7988104800
9415406240
8002710582
8530502808
8668436530
6387129546
9812485070
8080463692
7206286005
8384881706
6379335404
9304513267
7848890780
9817761366
9400695720
7015826739
9334759380
8115020884
7056111006
9518157494
8307663033
6371625619
9420234754
7894493164
9178145084
8320278303
9348567335
9817489341
9992899595
9306222326
42335341
8569911091
9053877547
9193489811
8677879488
9199990291
9490447851
9735666218
9499400096
8938010218
8757131406
9040649639
9855281471
7015017384
9546692008
8102923667
9258014175
6361030072
8880779682
8521404537
53438732
9937610708
7017737509
8639122511
8910973454
6205214149
9822898880
9310598166
8080808080
9582997290
7865865061
8607332879
8750603731
9466670899
9006828687
8420916687
9000909710
8708235580
7248383593
7578037787
9040189478
6371642835
8050610397
9145350527
9343063881
9059991551
9050909134
9810898121
7987359627
7558737378
9370529822
9679043608
88205452
9002552129
8600516260
6239109500
8218647724
7790006973
9702377195
9555920080
7860765753
9732776470
7719825486
7019010109
9330373539
89644142
9382232391
8102032263
8712301313
8080267399
9911670547
6394005888
7503201582
7004429166
9849247770
8002169480
9933591803
9253012106
9350767912
9452160129
8708647259
9465794155
9899920080
9265802713
7750912323
8742913148
8799704200
8976064978
50867823
9689014440
9822964202
7755957375
7631956960
9583976221
9302430830
7453086330
9576245579
87201143
8307432074
9131192320
7735042075
9348759388
7789916395
9284492889
8521048094
8983677337
9305234621
6377607257
9807738726
9921788763
9416404889
9455304883
6386829385
9437591277
9508224866
8930183192
7723860691
7890790089
8544836524
8294926058
7217248875
9350128722
7988500057
9199420225
8293066864
9534519481
9306847067
9339190027
9650386185
7099897170
8983959999
9028151922
9914243988
9131442265
9784173408
9234000034
7980826879
9053580860
7595837971
9170163640
9467357242
9430694030
9709299947
6305239525
9735749559
9305588568
8408884891
8600269493
9608238132
7488582025
9306486749
9764891987
7709406760
7267094450
8340611858
8053425904
9625009622
8585900830
8873389714
9654186757
6280428996
7015132398
721854487
9957503344
7070896850
9050830761
8208699206
9102833212
8709811718
7903446683
9416074126
8320400698
9028043655
7015823538
9570704751
8265845882
8471037132
9306699783
6350132475
8763832938
9340351795
8249284715
822194550
9101055805
7840810166
7053382861
7840810466
9113973274
8814098267
9193063949
9729861642
7988718403
7091470698
6268415591
9306899553
8053931839
9348716429
8975677700
7247489813
8692083303
9993248531
7404213546
9754899766
9113315801
9004453783
8249962401
8866549143
7719206873
8519016490
9220611354
9167553234
9815376353
7384926750
9769586220
9452489128
9767837398
12027395
7044279537
9114771291
9989617476
6378794231
9229325113
9229307710
8019958415
9053980683
9308505956
7972842755
9693458745
7666434850
6206814423
9309887639
7847928757
7827850967
9114771289
9315868628
7870626856
9386220200
9370709262
7972514593
7381305068
8292366960
9284954090
9043421248
7002915200
9650225056
9718430492
9654664944
7742202123
9654105036
9060109731
6287574697
9992715309
9540565642
9992815309
8395951979
6209603443
8969910355
9373714501
7359946269
9350445610
9343762462
7492853684
8473819279
8699819687
9810873130
8133822490
7389929980
7978451055
8247778744
8103098942
9470400417
9801289350
190395002
8869025544
7500279776
78599132
9395661402
6003674106
9062537469
9314241828
7458983838
9879834362
8090952201
9706336835
9663742629
7800117582
43762462
9198617027
8717871195
8081285198
66723817
9303597687
880268256
8743811796
7678457425
7547018225
8233539372
9934071541
9708305001
8667702818
6386539909
9901170249
8677908763
8787048972
8011928305
9034402785
8837636217
9518685574
6003154183
8099463494
9153748725
7404085030
9801963278
9798688650
6206510219
8210639198
7986759164
9911435595
8797217509
9801890587
8287929732
8888841797
8809298882
7015435595
8271224488
8427190966
8882778091
9914143020
9354334182
9399499738
6200087663
9075012078
9728359271
6202524956
7206170127
9919403700
8815374876
9162168327
9801037654
8708624297
8368010717
9643154313
8603031405
9650867823
9817835003
9102946800
7414999399
9850699335
7550990362
6281823483
9770848956
9932972069
9518806128
9881128149
54503237
6202714687
7735764629
8398884984
8319555947
8294257097
9162854017
7001784926
7036152198
9329908245
9387561936
7821814852
8530709990
9427473718
9725722729
9909466318
7004168247
7990387154
7383121249
9511734992
9825565440
47777861
6351568648
6353955028
7848059533
9992778497
7739844616
9728601018
6002903583
7820076510
8057805757
9505774234
9661969032
9537026475
9813747667
9688200038
9861332205
9617066130
9027768258
9594493241
7999199945
8920528186
9824156557
9678922504
7654548999
8453444011
9996312268
9924615775
9306604099
9737077694
9599804358
9284552569
7888918235
8441992440
8879942080
9954936636
9427329794
7027105940
9707717658
9814803334
8587848095
9337273563
9382835297
9664183200
9768345004
7888996565
8250920341
7903010863
9004390716
8390800196
9468187248
9877340539
9937098190
9599474154
7847955329
9306212990
9816295591
8527960764
6354427095
9727636849
9827872834
8093209384
9434011503
9471125404
8133042805
8521259271
61332205
6299934295
7550991610
7061430216
9006566379
7815801853
7008039266
7077019574
9334708210
9272132859
9016581283
9871365725
8144591599
9732064909
9046566090
90680335
7745954134
8342965767
8164009114
8250139832
8178862134
8590703659
6294885273
8768947275
7815865841
9918664321
6370105418
8888836473
9839033405
9678433855
7044445529
9717403149
7827590745
8877051455
7004109866
756602484
7566024848
7602545910
9199782896
9810904289
9836745889
9231360399
9170095935
6235656565
6538656565
7067923025
8408931603
9192721584
9725811095
8603550147
9429354510
9348503087
7972192518
9764940072
9011527521
7648858100
7355936583
9608213008
7011710358
9022419572
7013454810
53531497
9991959767
7497019477
9122056712
9350399615
9350224488
7908320308
8827970342
9158757775
9868273364
8102782759
9657399533
8177941778
9337738831
9637766796
8168604817
8866033210
7387097299
8999695232
7860720762
8168100402
9041594766
8421267516
37077694
8511650104
8469630818
9327562677
8789712616
7096060061
9259664798
7874656601
7983220927
7837856909
6353438548
6203478290
8168549300
8260771404
9350686227
9582551713
8421027620
9306327550
7042464246
9624768230
7988076506
9395682574
7056173001
8360601482
9971584431
8780663439
8689049313
7368886299
8320181641
7755990088
9975506746
7826016611
8237695746
7050023539
8541088549
9733660483
7809003204
8260313130
9815340862
9637572606
9800043060
7769938830
6239326855
7022578860
8168316903
9109312017
7719121491
7665816842
9588093386
7004639662
9638062940
7800881614
9735211455
8320939790
9162847891
8207706953
8529827453
9113130296
6283564123
5852502150
6295370388
8285163055
7049736040
8910351915
7978105106
9327740942
9996002981
7497880217
9830238415
8016414237
7015952497
8084317779
7027800277
9852142292
9053871065
8708415112
7600107956
7367943698
8789145510
9724625604
7527830336
9162435439
9253404834
8283964939
9465690518
8252814967
7404442697
8260027757
8950819491
9771354574
6284546027
7633025920
7861810550
7802009894
7079552524
8001416589
8446359895
9499506273
8951054254
8981848579
9350774265
7002659416
7853033985
8779519449
7310897070
8092132513
8983485630
9560192311
9579345322
8144404122
9861662043
7519060000
7206413197
7264079406
9547648384
9463139703
9172160833
8999010603
8830838715
5742514931
9518759236
957903807
8920545711
9518275826
9771533561
9350422637
7758950107
9925536081
7338155586
8735893590
9031902227
7710319276
8789513228
7988122140
8059864480
8318495784
8882345452
8340618528
9511228697
7908621423
6370912219
7979925470
9468235851
8689021076
9921988338
8360157416
8454075802
8320645068
9265652643
9727396892
9146232528
9667981879
9306015487
7532030003
9050005089
9586509332
9250556463
9924813248
34810798
9527360785
8146273126
9776353947
9370824486
6371847142
8271369152
9016139099
9178132293
8780569342
9026576781
8447443353
9113344927
9763241984
9234476730
9336288061
9732883775
9968067700
8149439290
8637872434
8297571478
9399000329
7798688883
9078789853
7358778424
7205491713
7052733000
7015812918
8882542332
9178843055
9050250411
8917499983
9654986808
8763193532
8457959773
8637208377
9663530779
9991145429
9507438011
9368521391
8133843038
9887603775
9054697064
9467959624
9255267046
9518856550
8102952672
9818613069
9078522363
8260909698
6200858826
7600472787
7988564659
7737158682
8458050753
9265652642
7377488258
7404671108
7205292143
8115996498
6202788978
8969911192
9873411385
9348202823
7637094526
6371954973
8374523083
9693933087
6203208090
7205643337
9812707582
8114660539
9735286868
9825565450
7861831745
9191228111
9195254170
9380673818
7461969833
8955786952
03571390
9636547097
6377965716
8699160352
8054715240
9671212855
9758428516
9835503029
8745017219
8140180250
8669039865
72556151
7081840829
6387672418
9096350302
9712341152
9279588496
9608029901
6207423881
7982050592
7265933454
9675011297
9860399178
6201530287
9892397850
9997446193
7857088213
9122390522
9429290670
9984149288
9662938659
9467782005
7504363403
8708567794
9978496175
9845679047
9719056421
9176673052
6354831628
18571030
8521103968
9720003489
9568618865
8655016851
9726709046
9265940297
7678331776
9570047044
9078909731
7721949489
8080931644
7009435655
8436028938
7020218201
8167848497
7680062113
7080782744
7209781857
9801262850
6202337124
8511092895
9334784737
9382562420
8271711751
8407959979
7722996666
3463625188
8235119598
7096059591
8237686530
9758641169
9064881071
8208528852
8849984494
8874339521
6209821535
9411837145
8959310004
7206204661
9255106661
8709703693
7782079738
7684866572
9428650980
9099656210
8160208677
6352311566
7804920240
9368840417
7982929056
8688200124
7484988009
1234567800
7622076856
9536464873
9337288147
7046536091
9726045149
7061580273
8260606768
9304858425
9536785040
9309888379
9990096149
7999155380
7078476374
8954250288
9004096421
7067430277
7622974093
9835833150
9038362978
6204256390
9958629009
7055466987
6901565115
9320860080
9006710904
9631749022
9899160080
7992273616
6372040639
8329197764
8210996987
9076317576
9850068753
9953041215
8601760494
7258062182
9337789264
7873674352
7292959966
7217569761
9850508829
9106080762
9348418961
7484971897
9711171636
7437996618
6304013658
7326874548
7327874681
6299877149
9476478149
9839206068
6207828859
9647283800
7992255994
8863991515
9926580525
8303253920
7489222421
8817442245
7846838352
7372869653
73449176
8707660694
7696543369
8788433602
7015958665
9040142660
7008371468
9065877745
8600829241
8318692590
9827188572
7978277290
7070868705
7250904873
9813025687
9034435638
8320038556
9382720080
9516100194
7643979231
8599026673
9348151573
7454014496
7762913976
6200793972
8083765934
9097475024
9555339009
9759158647
7404590641
7895023584
7489219815
6206781631
9528201579
7835927490
9812523566
7008878493
9759854511
8969380100
9870186424
8779144174
7853022366
8485052099
8882341436
9466677486
7033352004
8240542188
8658399304
9759743404
8074902727
9675221862
9955047972
7045944923
7735459066
9999120080
9182340473
9830257982
7349519575
8483966582
9267913383
9873449176
8302199103
7860194484
7447763790
8310129420
7011612740
7985359957
9582390080
8707821950
9702255750
9795611930
8779244040
7351485132
7753806119
8882341435
8958614033
9316947834
9574321969
9772830551
8187848903
9016866080
9753508343
7775056190
7606827830
9377027142
7800340046
9734007872
8076980750
9611335804
7525881884
9889179073
7004336156
9772528300
9099802935
7047968077
9064801976
9981938742
8605058996
9624229179
8200354348
9624554640
8178011273
9910141297
6205807670
9319610080
7905150836
9113394121
9835163006
8051643506
9439089597
8700340532
7848889538
9304755391
6307724961
6200054494
8076572329
9953580080
7739130171
8882768353
9555224063
8750746356
9348718335
8800309726
9809820020
8052066294
8839344114
7250462730
9155341367
8791611207
8287780456
8862938577
8758162671
9060155208
8260769385
9720286724
7289996023
9525108180
44217149
7064090567
8227056365
9507253544
7808251218
7004499012
7498067955
6371673374
9173844567
9110688146
8670739208
9898555009
9665584598
7765947858
8141646949
04360316
7004956545
9776162288
9693788824
8482080651
9322411981
8010085776
7872808570
9974940462
9697989910
6204324204
9304852743
8210366371
9984448899
7282024368
9337867935
6397414971
9162485242
9263438127
8797356487
8294112769
9737175470
7862918983
7077380423
7798927531
7888719739
9930075843
9564408927
7488399264
9966542041
9399632820
7735536214
7838945892
7007307927
9540514204
7718450841
7033387656
7234985437
8607413103
9382897466
8778062202
8153956505
6283026631
9923895999
7381785869
8409586910
8249884166
71659888
7042560237
9568318032
9650132520
8999920415
7909039486
9631868210
9850967443
7355005136
8077142646
6204787929
8860970963
8698413524
8349846166
7387620303
9183686490
7495021170
8059626705
9760684161
7235010209
9315257936
7743826425
7008389836
9429121986
7606033527
8668295339
7752839143
7972225711
9013288879
6371444855
7008965179
9467004429
8954882598
7830869042
7668951733
9389939346
9096625920
7096799153
9341718815
7830418453
9623168738
9730580797
9776024250
7500800585
9795036132
7620994732
76313256
76313256
8076313807
7014590263
9058605922
7015371662
9395027653
9053180843
8384811432
9817544973
9178947685
7796407409
9467810594
8617579215
6205732911
8930831627
9814007739
6371855185
7624026067
7646028777
8718074251
6207868939
7011099354
9888810067
7015985510
9386470001
7894453053
9006603443
7620437904
8260347922
7790053417
9529514531
7479607679
7765836809
59748576
8582900801
8847606051
9540552376
7054404065
8169508746
8053151786
8591723075
9837767334
6353294923
7874247120
8789890644
8866884876
9262990601
9991138045
7347492809
7027190184
9015926391
8789408511
9968251912
8115455800
9717782703
9138453635
6351293667
9770232288
8420122620
9729806998
9279934916
8822792246
8521163904
9178929303
9939031317
7684854277
7609019339
9819762067
6202604690
9667448634
8018885707
6372518591
8800012014
9927451263
9161562854
8318655434
19731945
9552699993
9343682470
7753080821
8160859584
9045393032
8804887341
8545009963
7848892918
9830007976
7984725405
9873830080
9009339700
7682005642
8299579403
8521787853
9399525230
8464838847
9340276396
8460469197
8922810981
7205437503
8354886813
8000126048
7405251531
9005703299
9876119245
9041761713
7008478361
9511472418
7355375356
7381420838
8382877465
9861095969
6299998112
9795979447
9110608491
8140189156
7618068015
7983239039
9129356939
7091704934
9137896709
9552890936
9978903682
7985843362
9265837076
8521206574
9026504963
7377859822
6388054629
8144197391
9776922403
8570078574
9346703237
9817676192
9740705112
7079292381
9638956022
9078452533
9053163945
8806069438
7484055743
8607285617
9030978896
7820856178
8626093004
8815150536
7781900225
9638691330
9306985226
9905854472
9122730203
8337058715
7011762555
8894677074
9005162019
9898247005
7001719833
9555523870
6372998349
6206442754
9717371280
9015142977
9124381033
9129453316
9250293339
9510758950
7007095290
8076140017
7348527598
7018967828
9172653588
7337208771
8527353182
9624275608
8001721891
8327711992
8229054284
7668867757
9031944434
8856048717
7693062026
9765947597
9142167596
9627797428
8780312497
6371981568
6371402041
9510117730
9742480263
7096983546
9593919873
7004742869
9583412297
9675774546
9643871840
9151667077
7381123259
6280438697
7407430833
8051617589
9861288929
9728638588
9467739490
9056900751
8009772129
9322020080
9899869268
7065380027
7797982120
9582452654
8954157818
8690772207
9416248865
9657303219
7387434334
6396780895
7097146320
8917354149
7070068667
8307760609
9518761819
9175150871
8957035861
8697306679
9996773158
9545087735
6201498960
38812117
8002582243
9795971102
9123439403
9307090234
9724208221
3003855222
9525037821
8709801885
9161911793
8103187618
9263563924
9284085661
8053845505
9518477735
7667281765
6352362053
7809032081
9369633047
7201973612
9028348358
8806078842
7050289345
7992473412
58641169
8521408402
9340243650
7676055528
7646023777
7808799994
9511537803
9665359490
8125142605
8433217839
7483268626
9582519200
7050847653
9712530789
9350999366
7735074985
6370463027
9891975357
9090922842
9050763500
9565131300
9813263876
8637200533
7989691619
9810341852
8145821687
1507074805
9350555051
9611164676
8930250302
9081374593
7000422430
8919363424
6398354797
8847631581
7276879392
8650563675
7419556288
7992372947
7082428068
6296184570
9404193955
6297169247
9879616651
7053450013
9702700402
6396048710
9328057156
9334978548
9479283299
7992507288
9316897020
7631751838
8348865723
7383347725
9265652644
9075930857
8010741743
8180088464
9834136035
9104002095
7667257113
9978013668
9727396872
6359720079
7016591639
7735555109
9186298071
7600974910
7017634674
7388025057
9142427519
8770375917
8767117172
7988101471
7404200717
8888029189
7043953143
9594258162
9305241579
6353860472
6372515119
6001664730
8583049083
8057437971
7999705311
9978776455
6372973237
8073584450
6372587178
7088656160
6353938477
8295054207
8307623558
8350063566
9775196184
9437277230
6396668325
9924122593
9960204574
9302404002
9727396858
9643443275
9158357745
9026399618
9910821946
8356816984
7840072136
7351767317
6296014965
9664956619
9162833228
8279597039
7709713277
9813682907
9996883394
9639525974
9927681185
9756334404
9012858907
7285009954
68673529
9727396873
9265652646
8260112365
7586820031
7038853121
9017288439
8920461831
9078569989
7038160101
9598107361
8128789570
9405968609
9765271213
9647020791
7011892874
9368861490
9548804037
7505739092
7505703541
9639188208
9389966767
8791534062
7055186927
7017320099
8057800671
6397452515
9358802350
8218929389
6397477749
6396557242
7056206811
9428981584
9765076407
8159835345
9765073322
9099662667
9647275098
9198742404
9729097360
16049654
