
1234567890
1111111111
9250158331
9576002320
9365172721
7860496808
6203214725
8509288654
9149424740
9347905740
9954565959
8218063265
9991507116
7045496145
81519827877
7002707512
9012634026
0340452608
9260972901
4123258424
6751175920
09682034155
9399335989
8275375769
9006828017
9520187121
9860540447
1282803552
9348352986
9322299032
6974878061
9977191169
8619152533
923525037
8120009010
356036365
46335033
969208384
9798989499
9547262305
7635845873
9536396674
917744969
7440919422
8210023434
6377125463
9098617497
8075048570
8217832268
8294550507
931617989
6388267070
8168822384
05992732
890298090
88875648
902576279
9323818799
8539090355
8874034631
9373632976
9816347347
7055465230
9399182074
9872827619
6299082687
375663497
9739316457
79964369
7461970317
9337372544
7898174793
7351379309
7350576384
9258515760
7608070544
9199474107
6266245611
6260213586
9541356053
6296573590
7605909535
8797435373
9348619447
9931935591
8816827871
7828636300
9304406834
7808029891
6352711281
9192298261
7416580966
8285178894
9932815451
8002029264
85709607323
3464926122
9507687745
47031897281
9631064036
8778000053
9154275510
01227266044
7075840900
9954921590
9905911342
937358580
0937464285
9191425923
9020779306
9952076419
9555681480
962543522
9832294059
7667853316
9110836851
9583215848

3518207877
7799909815
8160094727
7545978260
9756805400
9537849809
9898718384
7814828229
8595840492
8617379075
8504923890
8521537996
9501763701
507051356
7646056428
9064871261
9422947100
9827107974
8757645637
8249996910
83170585098
8178105430
9736484590
9595519206
9718284666
8250566743
8919512244
7267819097
9407724949
9455253892
8953269236
8918360324
9238800319
7748993921
8638355767
9453942170
9453942170
8917335315
60798337788
8920071011
9362096396
9422609514
9399425220
8510819155
8850649326
7091708756
9935409395
9175091153
9592802462
6261757085
9800285180
9825825878
25825878
8252950597
7385151925
7011840627
1234567899
9120034950
8459130132
9373154072
8483007081
8271537418
9382708565
7042158430
9201230189
7875754988
9258332057
7987971755
9737154688
7232997940
8617492722
7577034144
9494868403
8169044196
7811980420
9616020556
6201102715
9692075755
8306991935
9348925507
9021040048
9811091807
7002087311
60741437
9693700470
9627468735
8519908724
9014529128
7672030020
9454314080
7083552621
7507128076
8824271442
7744940609
7676325401
7074636083
8107097553
7338963217
9420808025
9896146084
9049266906
9827244611
9416348865
8295608680
7744004099
9153142123
9812051949
9213186004
9465700330
6303492172
9612674347
9572921697
6383968055
9318464856
8099809188
7987270525
9335651613
9153866887
9815328287
6207198182
9973211562
8949078430
8279998199
9708852485
8967434338
9996834002
37829814
7082126449
9056367475
7571080065
6205703824
7015139923
9714606125
7995043242
6260673032
9347594688
7696341340
7677947840
8684053488
8260376976
8395905452
7629023710
7056126425
9996664076
9398718175
8086648296
7000233949
9406728946
7080977930
7978795075
9414639372
9306667495
95295061
8077219255
9677644438
7013331201
9309752395
9340404087
8084505336
8002751205
9595306939
9673414121
8080364645
7738356559
9130303007
9963090583
7606810023
9798350899
7470057070
9744056747
9370298950
8249871412
6378281460
9867672374
9219104244
7697449397
6002958857
7008467249
8792783139
7396341340
8275757329
9808983235
9770025269
8910541465
9444518173
8492808524
8668556993
8700245063
990939962
8218657895
8668573469
9304784745
9031649316
9689914118
9131217325
7013833634
8319716844
8434300332
7507736555
9616816967
7362945581
7760024037
03635077
7855994899
9226965232
7309138458
6261587138
7052129068
8708797316
7717650658
9350402210
8102169886
7575037787
8700853978
9707318551
9350767438
8810236533
99607587
92655887
6351907172
9692941550
8600520431
7008516389
7497808482
6361747871
8660190816
6204196298
9671958027
7666892136
8308185614
6399913919
898395999
6207489170
8271834564
9822227770
6267548497
8307931605
9577332942
9992683244
9588705627
9817146563
8708756203
6003553255
9664166941
8329056261
9773083915
8975183789
8684911074
7083651276
8950816766
8307940579
9888692202
9471907828
9847246363
9354678426
8923201380
9608580106
8688801287
7478474173
35052380
7828183628
9110508165
9993033875
93033875
7260009595
9053387219
8572082042
9709931438
7206650843
6280050767
9086283214
7254858821
8879887811
7027647359
9343273594
8780310220
9195836718
9146370189
8307847262
9921203947
9325264015
8780438134
8888344802
7889057482
9749962403
9291674488
756858100
9837253634
9653854405
8328929721
8957652196
7004360678
9348698587
9541798500
6260729527
7815847993
9517386413
8171659888
9583899008
9955124153
7319837232
9102386058
8307655860
9059124645
9053287704
8863964987
7061057180
7001448168
9960624285
9509003561
7056703768
8002710582
8530502808
9812485070
7206286005
6379335404
7848890780
9817761366
9400695720
9334759380
8115020884
7056111006
8307663033
9420234754
9178145084
9992899595
9306222326
42335341
9490447851
9499400096
8757131406
7015017384
9258014175
53438732
7017737509
6205214149
8080808080
8607332879
9006828687
9000909710
8708235580
8050610397
9343063881
9059991551
9050909134
7558737378
9679043608
8218647724
89644142
8080267399
9849247770
9933591803
9452160129
9899920080
9265802713
8742913148
7631956960
9576245579
87201143
9131192320
9348759388
9284492889
9305234621
6377607257
9807738726
9921788763
9455304883
6386829385
8930183192
8544836524
7217248875
9350128722
7988500057
7099897170
9028151922
9914243988
9131442265
9234000034
7980826879
9053580860
7595837971
9467357242
6305239525
9305588568
9608238132
7488582025
7267094450
8053425904
7015132398
9050830761
8208699206
9570704751
6350132475
8763832938
9340351795
822194550
7840810166
9193063949
9729861642
7988718403
6268415591
9306899553
9993248531
7404213546
9754899766
8866549143
7719206873
8519016490
9167553234
7384926750
12027395
9989617476
6378794231
9229307710
8019958415
9693458745
7666434850
7827850967
7972514593
8292366960
9284954090
9043421248
7742202123
9654105036
9992715309
9992815309
8395951979
9350445610
9343762462
8699819687
8133822490
7389929980
8247778744
8103098942
190395002
8869025544
7500279776
9314241828
7458983838
9706336835
9663742629
7800117582
43762462
8717871195
8081285198
8233539372
9934071541
9708305001
8667702818
9901170249
8787048972
8837636217
9518685574
7404085030
9798688650
8210639198
7986759164
8888841797
7015435595
8427190966
9914143020
9399499738
9728359271
6202524956
7206170127
8815374876
9162168327
9650867823
7414999399
9881128149
6202714687
7735764629
8319555947
8294257097
9162854017
7036152198
9725722729
7990387154
7383121249
9825565440
6353955028
7848059533
9992778497
9728601018
6002903583
7820076510
8057805757
9505774234
9537026475
9813747667
9617066130
7999199945
9824156557
9678922504
7654548999
9996312268
9737077694
9284552569
7027105940
9707717658
9382835297
7888996565
8250920341
9468187248
9816295591
6354427095
9727636849
9434011503
9471125404
8521259271
6299934295
7061430216
9006566379
7815801853
7008039266
7077019574
9334708210
9016581283
9871365725
9732064909
9046566090
7745954134
8164009114
8250139832
9918664321
8888836473
7044445529
756602484
9231360399
6235656565
6538656565
8603550147
9429354510
9348503087
7648858100
7355936583
9608213008
9022419572
53531497
9991959767
7497019477
9350399615
9350224488
8827970342
8102782759
9637766796
8168604817
8999695232
7860720762
8168100402
9041594766
8421267516
37077694
8511650104
8469630818
9327562677
7096060061
9259664798
7874656601
7983220927
7837856909
6203478290
9350686227
8421027620
9306327550
9395682574
7056173001
8360601482
9971584431
8689049313
7826016611
8237695746
7050023539
6239326855
8168316903
9109312017
7719121491
7665816842
9588093386
8320939790
9162847891
8529827453
6283564123
8285163055
7049736040
8910351915
7978105106
9996002981
7497880217
9830238415
7027800277
9253404834
7404442697
9771354574
8001416589
8446359895
9499506273
8981848579
9350774265
8779519449
8092132513
7206413197
9463139703
9172160833
8830838715
5742514931
9518759236
957903807
8920545711
9518275826
9350422637
7758950107
7338155586
9031902227
8059864480
9511228697
7979925470
8689021076
8454075802
9727396892
9306015487
7532030003
9050005089
9586509332
8146273126
9370824486
9016139099
9113344927
9336288061
8637872434
8297571478
9399000329
9078789853
7205491713
9050250411
8457959773
8637208377
9663530779
9368521391
9054697064
6200858826
7737158682
9265652642
8115996498
6202788978
7637094526
8374523083
6203208090
7205643337
9812707582
8114660539
9825565450
7861831745
9380673818
8955786952
9636547097
6377965716
8699160352
8054715240
9671212855
8745017219
8140180250
8669039865
6387672418
9712341152
7265933454
9675011297
9860399178
9892397850
7857088213
9122390522
9429290670
9662938659
9978496175
9845679047
6354831628
18571030
9720003489
9568618865
9265940297
7721949489
7680062113
7080782744
9801262850
8511092895
9334784737
9382562420
8407959979
7722996666
3463625188
8235119598
7096059591
9758641169
9064881071
8849984494
8874339521
9411837145
8959310004
8709703693
7782079738
9428650980
9099656210
8160208677
6352311566
7804920240
9368840417
8688200124
1234567800
7622076856
9536464873
7046536091
8260606768
9536785040
7999155380
7078476374
9004096421
7067430277
7622974093
9038362978
7055466987
7992273616
8329197764
8210996987
9076317576
8601760494
9337789264
7873674352
7217569761
9850508829
9106080762
9348418961
7484971897
7327874681
6299877149
9839206068
6207828859
8863991515
9926580525
7489222421
8817442245
7372869653
73449176
8707660694
7015958665
7008371468
8600829241
7070868705
9813025687
9034435638
8320038556
9382720080
9348151573
6200793972
7404590641
7489219815
9812523566
7008878493
9466677486
8074902727
9182340473
7349519575
8483966582
9873449176
8302199103
7860194484
7447763790
8310129420
7985359957
8707821950
9795611930
7753806119
8958614033
9574321969
9772830551
9753508343
7800340046
7525881884
9889179073
7004336156
9772528300
7047968077
9064801976
9981938742
8605058996
9624229179
8200354348
9624554640
8178011273
7905150836
9113394121
9439089597
8700340532
7848889538
9304755391
6200054494
8076572329
9953580080
8882768353
9555224063
9348718335
8800309726
8052066294
8839344114
7250462730
8791611207
8287780456
9525108180
44217149
7064090567
9507253544
7004499012
7498067955
6371673374
9110688146
8670739208
9898555009
9665584598
8141646949
9776162288
9693788824
7872808570
9697989910
6204324204
7282024368
9337867935
6397414971
9162485242
9263438127
8797356487
8294112769
9737175470
7862918983
7798927531
7735536214
7033387656
8778062202
8153956505
7042560237
7909039486
9631868210
8077142646
6204787929
8059626705
9760684161
7235010209
9429121986
7752839143
7972225711
6371444855
7008965179
9467004429
8954882598
9389939346
7830418453
9623168738
9730580797
7500800585
9795036132
76313256
76313256
8076313807
7014590263
9058605922
7015371662
9395027653
9053180843
8384811432
9817544973
9178947685
7796407409
9467810594
6205732911
7624026067
7011099354
7015985510
7894453053
7620437904
9529514531
7054404065
8053151786
9837767334
7874247120
9991138045
7027190184
8115455800
9770232288
8420122620
9729806998
9279934916
8521163904
9939031317
9667448634
9927451263
9161562854
19731945
9552699993
9343682470
7753080821
8160859584
9045393032
8804887341
8545009963
9830007976
9009339700
8299579403
8521787853
9399525230
8464838847
8922810981
7205437503
8354886813
8000126048
7405251531
9005703299
9511472418
7355375356
8382877465
6299998112
9795979447
9110608491
7618068015
7983239039
9129356939
7091704934
9137896709
9978903682
7985843362
9026504963
7377859822
6388054629
9346703237
9638956022
9078452533
9053163945
7484055743
9638691330
9905854472
9005162019
9898247005
9717371280
9129453316
9250293339
9510758950
8076140017
7348527598
7018967828
9172653588
7337208771
9624275608
8001721891
8327711992
8229054284
7668867757
9031944434
7693062026
9765947597
6371981568
9742480263
7096983546
7004742869
9675774546
9643871840
9151667077
6280438697
8051617589
9728638588
9467739490
9056900751
8009772129
7065380027
7797982120
9582452654
8954157818
8690772207
6396780895
7070068667
8307760609
8957035861
8697306679
38812117
9123439403
9724208221
3003855222
9525037821
9161911793
8103187618
8053845505
9518477735
7809032081
9369633047
7201973612
8806078842
7050289345
58641169
9340243650
7676055528
7646023777
7808799994
9511537803
7483268626
7050847653
9712530789
9350999366
7735074985
9090922842
9050763500
9565131300
9813263876
9810341852
8145821687
1507074805
9350555051
9611164676
9081374593
7000422430
8919363424
6398354797
8847631581
7276879392
8650563675
7419556288
7992372947
7082428068
6296184570
9404193955
9879616651
6396048710
9334978548
8348865723
7383347725
9075930857
8010741743
8180088464
9834136035
7667257113
7735555109
7017634674
9142427519
8770375917
8767117172
7043953143
9305241579
6353860472
6372515119
6001664730
8057437971
7999705311
9978776455
6372587178
7088656160
6353938477
8295054207
8307623558
8350063566
9775196184
9924122593
9727396858
9158357745
9026399618
9910821946
8356816984
7840072136
7351767317
8279597039
7709713277
9813682907
9996883394
9639525974
9927681185
9756334404
9012858907
7285009954
9727396873
9265652646
8260112365
7586820031
7038853121
9017288439
8920461831
9078569989
7038160101
9598107361
8128789570
9647020791
7011892874
9368861490
9548804037
7505739092
7505703541
9639188208
9389966767
8791534062
7055186927
7017320099
8057800671
6397452515
9358802350
8218929389
6397477749
6396557242
7056206811
9428981584
8159835345
9099662667
9647275098
9198742404
9729097360
16049654
